-5.000000000000000000e+00
-4.996092223524814635e+00
-4.992184447049628382e+00
-4.988276670574443017e+00
-4.984368894099257652e+00
-4.980461117624072287e+00
-4.976553341148886034e+00
-4.972645564673700669e+00
-4.968737788198515304e+00
-4.964830011723329051e+00
-4.960922235248143686e+00
-4.957014458772958321e+00
-4.953106682297772956e+00
-4.949198905822586703e+00
-4.945291129347401338e+00
-4.941383352872215973e+00
-4.937475576397029720e+00
-4.933567799921844355e+00
-4.929660023446658990e+00
-4.925752246971473625e+00
-4.921844470496287371e+00
-4.917936694021102007e+00
-4.914028917545916642e+00
-4.910121141070730388e+00
-4.906213364595545023e+00
-4.902305588120359658e+00
-4.898397811645174293e+00
-4.894490035169988040e+00
-4.890582258694802675e+00
-4.886674482219617310e+00
-4.882766705744431057e+00
-4.878858929269245692e+00
-4.874951152794060327e+00
-4.871043376318874962e+00
-4.867135599843688709e+00
-4.863227823368503344e+00
-4.859320046893317979e+00
-4.855412270418131726e+00
-4.851504493942946361e+00
-4.847596717467760996e+00
-4.843688940992575631e+00
-4.839781164517389378e+00
-4.835873388042204013e+00
-4.831965611567018648e+00
-4.828057835091832395e+00
-4.824150058616647030e+00
-4.820242282141461665e+00
-4.816334505666276300e+00
-4.812426729191090047e+00
-4.808518952715904682e+00
-4.804611176240719317e+00
-4.800703399765533064e+00
-4.796795623290347699e+00
-4.792887846815162334e+00
-4.788980070339976969e+00
-4.785072293864790716e+00
-4.781164517389605351e+00
-4.777256740914419986e+00
-4.773348964439233733e+00
-4.769441187964048368e+00
-4.765533411488863003e+00
-4.761625635013677638e+00
-4.757717858538491384e+00
-4.753810082063306020e+00
-4.749902305588120655e+00
-4.745994529112934401e+00
-4.742086752637749036e+00
-4.738178976162563671e+00
-4.734271199687378306e+00
-4.730363423212192053e+00
-4.726455646737006688e+00
-4.722547870261821323e+00
-4.718640093786635070e+00
-4.714732317311449705e+00
-4.710824540836264340e+00
-4.706916764361078975e+00
-4.703008987885892722e+00
-4.699101211410707357e+00
-4.695193434935521992e+00
-4.691285658460335739e+00
-4.687377881985150374e+00
-4.683470105509965009e+00
-4.679562329034779644e+00
-4.675654552559593391e+00
-4.671746776084408026e+00
-4.667838999609222661e+00
-4.663931223134036408e+00
-4.660023446658851043e+00
-4.656115670183665678e+00
-4.652207893708480313e+00
-4.648300117233294060e+00
-4.644392340758108695e+00
-4.640484564282923330e+00
-4.636576787807737077e+00
-4.632669011332551712e+00
-4.628761234857366347e+00
-4.624853458382180094e+00
-4.620945681906994729e+00
-4.617037905431809364e+00
-4.613130128956623999e+00
-4.609222352481437746e+00
-4.605314576006252381e+00
-4.601406799531067016e+00
-4.597499023055881651e+00
-4.593591246580695397e+00
-4.589683470105510033e+00
-4.585775693630324668e+00
-4.581867917155138414e+00
-4.577960140679953049e+00
-4.574052364204767684e+00
-4.570144587729581431e+00
-4.566236811254396066e+00
-4.562329034779210701e+00
-4.558421258304025336e+00
-4.554513481828839083e+00
-4.550605705353653718e+00
-4.546697928878468353e+00
-4.542790152403282988e+00
-4.538882375928096735e+00
-4.534974599452911370e+00
-4.531066822977726005e+00
-4.527159046502539752e+00
-4.523251270027354387e+00
-4.519343493552169022e+00
-4.515435717076982769e+00
-4.511527940601797404e+00
-4.507620164126612039e+00
-4.503712387651426674e+00
-4.499804611176240421e+00
-4.495896834701055056e+00
-4.491989058225869691e+00
-4.488081281750684326e+00
-4.484173505275498073e+00
-4.480265728800312708e+00
-4.476357952325127343e+00
-4.472450175849941090e+00
-4.468542399374755725e+00
-4.464634622899570360e+00
-4.460726846424384107e+00
-4.456819069949198742e+00
-4.452911293474013377e+00
-4.449003516998828012e+00
-4.445095740523641759e+00
-4.441187964048456394e+00
-4.437280187573271029e+00
-4.433372411098085664e+00
-4.429464634622899410e+00
-4.425556858147714046e+00
-4.421649081672528681e+00
-4.417741305197342427e+00
-4.413833528722157062e+00
-4.409925752246971697e+00
-4.406017975771785444e+00
-4.402110199296600079e+00
-4.398202422821414714e+00
-4.394294646346229349e+00
-4.390386869871043096e+00
-4.386479093395857731e+00
-4.382571316920672366e+00
-4.378663540445487001e+00
-4.374755763970300748e+00
-4.370847987495115383e+00
-4.366940211019930018e+00
-4.363032434544743765e+00
-4.359124658069558400e+00
-4.355216881594373035e+00
-4.351309105119186782e+00
-4.347401328644001417e+00
-4.343493552168816052e+00
-4.339585775693630687e+00
-4.335677999218444434e+00
-4.331770222743259069e+00
-4.327862446268073704e+00
-4.323954669792888339e+00
-4.320046893317702086e+00
-4.316139116842516721e+00
-4.312231340367331356e+00
-4.308323563892145103e+00
-4.304415787416959738e+00
-4.300508010941774373e+00
-4.296600234466588120e+00
-4.292692457991402755e+00
-4.288784681516217390e+00
-4.284876905041032025e+00
-4.280969128565845772e+00
-4.277061352090660407e+00
-4.273153575615475042e+00
-4.269245799140289677e+00
-4.265338022665103423e+00
-4.261430246189918059e+00
-4.257522469714732694e+00
-4.253614693239546440e+00
-4.249706916764361075e+00
-4.245799140289175710e+00
-4.241891363813989457e+00
-4.237983587338804092e+00
-4.234075810863618727e+00
-4.230168034388433362e+00
-4.226260257913247109e+00
-4.222352481438061744e+00
-4.218444704962876379e+00
-4.214536928487691014e+00
-4.210629152012504761e+00
-4.206721375537319396e+00
-4.202813599062134031e+00
-4.198905822586947778e+00
-4.194998046111762413e+00
-4.191090269636577048e+00
-4.187182493161390795e+00
-4.183274716686205430e+00
-4.179366940211020065e+00
-4.175459163735834700e+00
-4.171551387260648447e+00
-4.167643610785463082e+00
-4.163735834310277717e+00
-4.159828057835092352e+00
-4.155920281359906099e+00
-4.152012504884720734e+00
-4.148104728409535369e+00
-4.144196951934349116e+00
-4.140289175459163751e+00
-4.136381398983978386e+00
-4.132473622508792133e+00
-4.128565846033606768e+00
-4.124658069558421403e+00
-4.120750293083236038e+00
-4.116842516608049785e+00
-4.112934740132864420e+00
-4.109026963657679055e+00
-4.105119187182493690e+00
-4.101211410707307436e+00
-4.097303634232122072e+00
-4.093395857756936707e+00
-4.089488081281750453e+00
-4.085580304806565088e+00
-4.081672528331379723e+00
-4.077764751856193470e+00
-4.073856975381008105e+00
-4.069949198905822740e+00
-4.066041422430637375e+00
-4.062133645955451122e+00
-4.058225869480265757e+00
-4.054318093005080392e+00
-4.050410316529895027e+00
-4.046502540054708774e+00
-4.042594763579523409e+00
-4.038686987104338044e+00
-4.034779210629151791e+00
-4.030871434153966426e+00
-4.026963657678781061e+00
-4.023055881203594808e+00
-4.019148104728409443e+00
-4.015240328253224078e+00
-4.011332551778038713e+00
-4.007424775302852460e+00
-4.003516998827667095e+00
-3.999609222352481730e+00
-3.995701445877295921e+00
-3.991793669402110112e+00
-3.987885892926924747e+00
-3.983978116451738938e+00
-3.980070339976553129e+00
-3.976162563501367764e+00
-3.972254787026182399e+00
-3.968347010550996590e+00
-3.964439234075810781e+00
-3.960531457600625416e+00
-3.956623681125439607e+00
-3.952715904650253798e+00
-3.948808128175068433e+00
-3.944900351699883068e+00
-3.940992575224697259e+00
-3.937084798749511450e+00
-3.933177022274326085e+00
-3.929269245799140275e+00
-3.925361469323954466e+00
-3.921453692848769101e+00
-3.917545916373583736e+00
-3.913638139898397927e+00
-3.909730363423212118e+00
-3.905822586948026753e+00
-3.901914810472840944e+00
-3.898007033997655135e+00
-3.894099257522469770e+00
-3.890191481047284405e+00
-3.886283704572098596e+00
-3.882375928096912787e+00
-3.878468151621727422e+00
-3.874560375146541613e+00
-3.870652598671355804e+00
-3.866744822196170439e+00
-3.862837045720985074e+00
-3.858929269245799265e+00
-3.855021492770613456e+00
-3.851113716295428091e+00
-3.847205939820242282e+00
-3.843298163345056473e+00
-3.839390386869871108e+00
-3.835482610394685743e+00
-3.831574833919499934e+00
-3.827667057444314125e+00
-3.823759280969128760e+00
-3.819851504493942951e+00
-3.815943728018757142e+00
-3.812035951543571777e+00
-3.808128175068386412e+00
-3.804220398593200603e+00
-3.800312622118014794e+00
-3.796404845642829429e+00
-3.792497069167643620e+00
-3.788589292692457811e+00
-3.784681516217272446e+00
-3.780773739742087081e+00
-3.776865963266901272e+00
-3.772958186791715463e+00
-3.769050410316530098e+00
-3.765142633841344288e+00
-3.761234857366158479e+00
-3.757327080890973114e+00
-3.753419304415787749e+00
-3.749511527940601940e+00
-3.745603751465416131e+00
-3.741695974990230766e+00
-3.737788198515044957e+00
-3.733880422039859148e+00
-3.729972645564673783e+00
-3.726064869089488418e+00
-3.722157092614302609e+00
-3.718249316139116800e+00
-3.714341539663931435e+00
-3.710433763188745626e+00
-3.706525986713559817e+00
-3.702618210238374452e+00
-3.698710433763189087e+00
-3.694802657288003278e+00
-3.690894880812817469e+00
-3.686987104337632104e+00
-3.683079327862446295e+00
-3.679171551387260486e+00
-3.675263774912075121e+00
-3.671355998436889756e+00
-3.667448221961703947e+00
-3.663540445486518138e+00
-3.659632669011332773e+00
-3.655724892536146964e+00
-3.651817116060961155e+00
-3.647909339585775790e+00
-3.644001563110590425e+00
-3.640093786635404616e+00
-3.636186010160218807e+00
-3.632278233685033442e+00
-3.628370457209847633e+00
-3.624462680734661824e+00
-3.620554904259476459e+00
-3.616647127784291094e+00
-3.612739351309105285e+00
-3.608831574833919476e+00
-3.604923798358734111e+00
-3.601016021883548301e+00
-3.597108245408362492e+00
-3.593200468933177127e+00
-3.589292692457991762e+00
-3.585384915982805953e+00
-3.581477139507620144e+00
-3.577569363032434779e+00
-3.573661586557248970e+00
-3.569753810082063161e+00
-3.565846033606877796e+00
-3.561938257131692431e+00
-3.558030480656506622e+00
-3.554122704181320813e+00
-3.550214927706135448e+00
-3.546307151230949639e+00
-3.542399374755763830e+00
-3.538491598280578465e+00
-3.534583821805393100e+00
-3.530676045330207291e+00
-3.526768268855021482e+00
-3.522860492379836117e+00
-3.518952715904650308e+00
-3.515044939429464499e+00
-3.511137162954279134e+00
-3.507229386479093769e+00
-3.503321610003907960e+00
-3.499413833528722151e+00
-3.495506057053536786e+00
-3.491598280578350977e+00
-3.487690504103165168e+00
-3.483782727627979803e+00
-3.479874951152794438e+00
-3.475967174677608629e+00
-3.472059398202422820e+00
-3.468151621727237455e+00
-3.464243845252051646e+00
-3.460336068776865837e+00
-3.456428292301680472e+00
-3.452520515826495107e+00
-3.448612739351309298e+00
-3.444704962876123489e+00
-3.440797186400938124e+00
-3.436889409925752314e+00
-3.432981633450566505e+00
-3.429073856975381140e+00
-3.425166080500195775e+00
-3.421258304025009966e+00
-3.417350527549824157e+00
-3.413442751074638792e+00
-3.409534974599452983e+00
-3.405627198124267174e+00
-3.401719421649081809e+00
-3.397811645173896444e+00
-3.393903868698710635e+00
-3.389996092223524826e+00
-3.386088315748339461e+00
-3.382180539273153652e+00
-3.378272762797967843e+00
-3.374364986322782478e+00
-3.370457209847597113e+00
-3.366549433372411304e+00
-3.362641656897225495e+00
-3.358733880422040130e+00
-3.354826103946854321e+00
-3.350918327471668512e+00
-3.347010550996483147e+00
-3.343102774521297782e+00
-3.339194998046111973e+00
-3.335287221570926164e+00
-3.331379445095740799e+00
-3.327471668620554990e+00
-3.323563892145369181e+00
-3.319656115670183816e+00
-3.315748339194998451e+00
-3.311840562719812642e+00
-3.307932786244626833e+00
-3.304025009769441468e+00
-3.300117233294255659e+00
-3.296209456819069850e+00
-3.292301680343884485e+00
-3.288393903868699120e+00
-3.284486127393513311e+00
-3.280578350918327502e+00
-3.276670574443142137e+00
-3.272762797967956327e+00
-3.268855021492770518e+00
-3.264947245017585153e+00
-3.261039468542399788e+00
-3.257131692067213979e+00
-3.253223915592028170e+00
-3.249316139116842805e+00
-3.245408362641656996e+00
-3.241500586166471187e+00
-3.237592809691285822e+00
-3.233685033216100457e+00
-3.229777256740914648e+00
-3.225869480265728839e+00
-3.221961703790543474e+00
-3.218053927315357665e+00
-3.214146150840171856e+00
-3.210238374364986491e+00
-3.206330597889801126e+00
-3.202422821414615317e+00
-3.198515044939429508e+00
-3.194607268464244143e+00
-3.190699491989058334e+00
-3.186791715513872525e+00
-3.182883939038687160e+00
-3.178976162563501795e+00
-3.175068386088315986e+00
-3.171160609613130177e+00
-3.167252833137944812e+00
-3.163345056662759003e+00
-3.159437280187573194e+00
-3.155529503712387829e+00
-3.151621727237202464e+00
-3.147713950762016211e+00
-3.143806174286830846e+00
-3.139898397811645481e+00
-3.135990621336459672e+00
-3.132082844861273863e+00
-3.128175068386088498e+00
-3.124267291910903133e+00
-3.120359515435716879e+00
-3.116451738960531515e+00
-3.112543962485346150e+00
-3.108636186010160340e+00
-3.104728409534974531e+00
-3.100820633059789166e+00
-3.096912856584603801e+00
-3.093005080109417548e+00
-3.089097303634232183e+00
-3.085189527159046818e+00
-3.081281750683861009e+00
-3.077373974208675200e+00
-3.073466197733489835e+00
-3.069558421258304470e+00
-3.065650644783118217e+00
-3.061742868307932852e+00
-3.057835091832747487e+00
-3.053927315357561678e+00
-3.050019538882375869e+00
-3.046111762407190504e+00
-3.042203985932005139e+00
-3.038296209456818886e+00
-3.034388432981633521e+00
-3.030480656506448156e+00
-3.026572880031262347e+00
-3.022665103556076538e+00
-3.018757327080891173e+00
-3.014849550605705808e+00
-3.010941774130519555e+00
-3.007033997655334190e+00
-3.003126221180148825e+00
-2.999218444704963016e+00
-2.995310668229777207e+00
-2.991402891754591842e+00
-2.987495115279406033e+00
-2.983587338804220668e+00
-2.979679562329034859e+00
-2.975771785853849494e+00
-2.971864009378663685e+00
-2.967956232903477876e+00
-2.964048456428292511e+00
-2.960140679953106702e+00
-2.956232903477921337e+00
-2.952325127002735528e+00
-2.948417350527550163e+00
-2.944509574052364353e+00
-2.940601797577178544e+00
-2.936694021101993179e+00
-2.932786244626807370e+00
-2.928878468151622005e+00
-2.924970691676436196e+00
-2.921062915201250831e+00
-2.917155138726065022e+00
-2.913247362250879213e+00
-2.909339585775693848e+00
-2.905431809300508039e+00
-2.901524032825322674e+00
-2.897616256350136865e+00
-2.893708479874951500e+00
-2.889800703399765691e+00
-2.885892926924579882e+00
-2.881985150449394517e+00
-2.878077373974208708e+00
-2.874169597499023343e+00
-2.870261821023837534e+00
-2.866354044548652169e+00
-2.862446268073466360e+00
-2.858538491598280551e+00
-2.854630715123095186e+00
-2.850722938647909377e+00
-2.846815162172724012e+00
-2.842907385697538203e+00
-2.838999609222352838e+00
-2.835091832747167029e+00
-2.831184056271981220e+00
-2.827276279796795855e+00
-2.823368503321610046e+00
-2.819460726846424681e+00
-2.815552950371238872e+00
-2.811645173896053507e+00
-2.807737397420867698e+00
-2.803829620945681889e+00
-2.799921844470496524e+00
-2.796014067995310715e+00
-2.792106291520125350e+00
-2.788198515044939541e+00
-2.784290738569754176e+00
-2.780382962094568366e+00
-2.776475185619382557e+00
-2.772567409144197192e+00
-2.768659632669011383e+00
-2.764751856193826018e+00
-2.760844079718640209e+00
-2.756936303243454844e+00
-2.753028526768269035e+00
-2.749120750293083226e+00
-2.745212973817897861e+00
-2.741305197342712052e+00
-2.737397420867526687e+00
-2.733489644392340878e+00
-2.729581867917155513e+00
-2.725674091441969704e+00
-2.721766314966783895e+00
-2.717858538491598530e+00
-2.713950762016412721e+00
-2.710042985541227356e+00
-2.706135209066041547e+00
-2.702227432590856182e+00
-2.698319656115670373e+00
-2.694411879640484564e+00
-2.690504103165299199e+00
-2.686596326690113390e+00
-2.682688550214928025e+00
-2.678780773739742216e+00
-2.674872997264556851e+00
-2.670965220789371042e+00
-2.667057444314185233e+00
-2.663149667838999868e+00
-2.659241891363814059e+00
-2.655334114888628694e+00
-2.651426338413442885e+00
-2.647518561938257076e+00
-2.643610785463071711e+00
-2.639703008987885902e+00
-2.635795232512700537e+00
-2.631887456037514728e+00
-2.627979679562329363e+00
-2.624071903087143554e+00
-2.620164126611957744e+00
-2.616256350136772379e+00
-2.612348573661586570e+00
-2.608440797186401205e+00
-2.604533020711215396e+00
-2.600625244236030031e+00
-2.596717467760844222e+00
-2.592809691285658413e+00
-2.588901914810473048e+00
-2.584994138335287239e+00
-2.581086361860101874e+00
-2.577178585384916065e+00
-2.573270808909730700e+00
-2.569363032434544891e+00
-2.565455255959359082e+00
-2.561547479484173717e+00
-2.557639703008987908e+00
-2.553731926533802543e+00
-2.549824150058616734e+00
-2.545916373583431369e+00
-2.542008597108245560e+00
-2.538100820633059751e+00
-2.534193044157874386e+00
-2.530285267682688577e+00
-2.526377491207503212e+00
-2.522469714732317403e+00
-2.518561938257132038e+00
-2.514654161781946229e+00
-2.510746385306760420e+00
-2.506838608831575055e+00
-2.502930832356389246e+00
-2.499023055881203881e+00
-2.495115279406018072e+00
-2.491207502930832707e+00
-2.487299726455646898e+00
-2.483391949980461089e+00
-2.479484173505275724e+00
-2.475576397030089915e+00
-2.471668620554904550e+00
-2.467760844079718741e+00
-2.463853067604533376e+00
-2.459945291129347567e+00
-2.456037514654161757e+00
-2.452129738178976393e+00
-2.448221961703790583e+00
-2.444314185228605218e+00
-2.440406408753419409e+00
-2.436498632278234044e+00
-2.432590855803048235e+00
-2.428683079327862426e+00
-2.424775302852677061e+00
-2.420867526377491252e+00
-2.416959749902305887e+00
-2.413051973427120078e+00
-2.409144196951934713e+00
-2.405236420476748904e+00
-2.401328644001563095e+00
-2.397420867526377730e+00
-2.393513091051191921e+00
-2.389605314576006556e+00
-2.385697538100820747e+00
-2.381789761625635382e+00
-2.377881985150449573e+00
-2.373974208675263764e+00
-2.370066432200078399e+00
-2.366158655724892590e+00
-2.362250879249707225e+00
-2.358343102774521416e+00
-2.354435326299336051e+00
-2.350527549824150242e+00
-2.346619773348964433e+00
-2.342711996873779068e+00
-2.338804220398593259e+00
-2.334896443923407894e+00
-2.330988667448222085e+00
-2.327080890973036720e+00
-2.323173114497850911e+00
-2.319265338022665102e+00
-2.315357561547479737e+00
-2.311449785072293928e+00
-2.307542008597108563e+00
-2.303634232121922754e+00
-2.299726455646737389e+00
-2.295818679171551580e+00
-2.291910902696365770e+00
-2.288003126221180406e+00
-2.284095349745994596e+00
-2.280187573270809231e+00
-2.276279796795623422e+00
-2.272372020320438057e+00
-2.268464243845252248e+00
-2.264556467370066439e+00
-2.260648690894881074e+00
-2.256740914419695265e+00
-2.252833137944509900e+00
-2.248925361469324091e+00
-2.245017584994138726e+00
-2.241109808518952917e+00
-2.237202032043767108e+00
-2.233294255568581743e+00
-2.229386479093395934e+00
-2.225478702618210569e+00
-2.221570926143024760e+00
-2.217663149667839395e+00
-2.213755373192653586e+00
-2.209847596717467777e+00
-2.205939820242282412e+00
-2.202032043767096603e+00
-2.198124267291911238e+00
-2.194216490816725429e+00
-2.190308714341540064e+00
-2.186400937866354255e+00
-2.182493161391168446e+00
-2.178585384915983081e+00
-2.174677608440797272e+00
-2.170769831965611907e+00
-2.166862055490426098e+00
-2.162954279015240733e+00
-2.159046502540054924e+00
-2.155138726064869115e+00
-2.151230949589683750e+00
-2.147323173114497941e+00
-2.143415396639312576e+00
-2.139507620164126767e+00
-2.135599843688941402e+00
-2.131692067213755593e+00
-2.127784290738569783e+00
-2.123876514263384419e+00
-2.119968737788198609e+00
-2.116060961313013244e+00
-2.112153184837827435e+00
-2.108245408362642070e+00
-2.104337631887456261e+00
-2.100429855412270452e+00
-2.096522078937085087e+00
-2.092614302461899278e+00
-2.088706525986713913e+00
-2.084798749511528104e+00
-2.080890973036342739e+00
-2.076983196561156930e+00
-2.073075420085971121e+00
-2.069167643610785756e+00
-2.065259867135599947e+00
-2.061352090660414582e+00
-2.057444314185228773e+00
-2.053536537710043408e+00
-2.049628761234857599e+00
-2.045720984759671790e+00
-2.041813208284486425e+00
-2.037905431809300616e+00
-2.033997655334115251e+00
-2.030089878858929442e+00
-2.026182102383744077e+00
-2.022274325908558268e+00
-2.018366549433372459e+00
-2.014458772958187094e+00
-2.010550996483001285e+00
-2.006643220007815920e+00
-2.002735443532630111e+00
-1.998827667057444302e+00
-1.994919890582258937e+00
-1.991012114107073128e+00
-1.987104337631887763e+00
-1.983196561156701954e+00
-1.979288784681516589e+00
-1.975381008206330780e+00
-1.971473231731144971e+00
-1.967565455255959606e+00
-1.963657678780773796e+00
-1.959749902305588432e+00
-1.955842125830402622e+00
-1.951934349355217257e+00
-1.948026572880031448e+00
-1.944118796404845639e+00
-1.940211019929660274e+00
-1.936303243454474465e+00
-1.932395466979289100e+00
-1.928487690504103291e+00
-1.924579914028917926e+00
-1.920672137553732117e+00
-1.916764361078546308e+00
-1.912856584603360943e+00
-1.908948808128175134e+00
-1.905041031652989769e+00
-1.901133255177803960e+00
-1.897225478702618595e+00
-1.893317702227432786e+00
-1.889409925752246977e+00
-1.885502149277061612e+00
-1.881594372801875803e+00
-1.877686596326690438e+00
-1.873778819851504629e+00
-1.869871043376319264e+00
-1.865963266901133455e+00
-1.862055490425947646e+00
-1.858147713950762281e+00
-1.854239937475576472e+00
-1.850332161000391107e+00
-1.846424384525205298e+00
-1.842516608050019933e+00
-1.838608831574834124e+00
-1.834701055099648315e+00
-1.830793278624462950e+00
-1.826885502149277141e+00
-1.822977725674091776e+00
-1.819069949198905967e+00
-1.815162172723720602e+00
-1.811254396248534793e+00
-1.807346619773348984e+00
-1.803438843298163619e+00
-1.799531066822977809e+00
-1.795623290347792445e+00
-1.791715513872606635e+00
-1.787807737397421270e+00
-1.783899960922235461e+00
-1.779992184447049652e+00
-1.776084407971864287e+00
-1.772176631496678478e+00
-1.768268855021493113e+00
-1.764361078546307304e+00
-1.760453302071121939e+00
-1.756545525595936130e+00
-1.752637749120750321e+00
-1.748729972645564956e+00
-1.744822196170379147e+00
-1.740914419695193782e+00
-1.737006643220007973e+00
-1.733098866744822608e+00
-1.729191090269636799e+00
-1.725283313794450990e+00
-1.721375537319265625e+00
-1.717467760844079816e+00
-1.713559984368894451e+00
-1.709652207893708642e+00
-1.705744431418523277e+00
-1.701836654943337468e+00
-1.697928878468151659e+00
-1.694021101992966294e+00
-1.690113325517780485e+00
-1.686205549042595120e+00
-1.682297772567409311e+00
-1.678389996092223946e+00
-1.674482219617038137e+00
-1.670574443141852328e+00
-1.666666666666666963e+00
-1.662758890191481154e+00
-1.658851113716295789e+00
-1.654943337241109980e+00
-1.651035560765924615e+00
-1.647127784290738806e+00
-1.643220007815552997e+00
-1.639312231340367632e+00
-1.635404454865181822e+00
-1.631496678389996458e+00
-1.627588901914810648e+00
-1.623681125439625283e+00
-1.619773348964439474e+00
-1.615865572489253665e+00
-1.611957796014068300e+00
-1.608050019538882491e+00
-1.604142243063697126e+00
-1.600234466588511317e+00
-1.596326690113325952e+00
-1.592418913638140143e+00
-1.588511137162954334e+00
-1.584603360687768969e+00
-1.580695584212583160e+00
-1.576787807737397795e+00
-1.572880031262211986e+00
-1.568972254787026621e+00
-1.565064478311840812e+00
-1.561156701836655003e+00
-1.557248925361469638e+00
-1.553341148886283829e+00
-1.549433372411098464e+00
-1.545525595935912655e+00
-1.541617819460727290e+00
-1.537710042985541481e+00
-1.533802266510355672e+00
-1.529894490035170307e+00
-1.525986713559984498e+00
-1.522078937084799133e+00
-1.518171160609613324e+00
-1.514263384134427959e+00
-1.510355607659242150e+00
-1.506447831184056341e+00
-1.502540054708870976e+00
-1.498632278233685167e+00
-1.494724501758499802e+00
-1.490816725283313993e+00
-1.486908948808128628e+00
-1.483001172332942819e+00
-1.479093395857757010e+00
-1.475185619382571645e+00
-1.471277842907385836e+00
-1.467370066432200471e+00
-1.463462289957014661e+00
-1.459554513481829296e+00
-1.455646737006643487e+00
-1.451738960531457678e+00
-1.447831184056272313e+00
-1.443923407581086504e+00
-1.440015631105901139e+00
-1.436107854630715330e+00
-1.432200078155529965e+00
-1.428292301680344156e+00
-1.424384525205158347e+00
-1.420476748729972982e+00
-1.416568972254787173e+00
-1.412661195779601808e+00
-1.408753419304415999e+00
-1.404845642829230634e+00
-1.400937866354044825e+00
-1.397030089878859016e+00
-1.393122313403673651e+00
-1.389214536928487842e+00
-1.385306760453302477e+00
-1.381398983978116668e+00
-1.377491207502931303e+00
-1.373583431027745494e+00
-1.369675654552559685e+00
-1.365767878077374320e+00
-1.361860101602188511e+00
-1.357952325127003146e+00
-1.354044548651817337e+00
-1.350136772176631972e+00
-1.346228995701446163e+00
-1.342321219226260354e+00
-1.338413442751074989e+00
-1.334505666275889180e+00
-1.330597889800703815e+00
-1.326690113325518006e+00
-1.322782336850332197e+00
-1.318874560375146832e+00
-1.314966783899961023e+00
-1.311059007424775658e+00
-1.307151230949589849e+00
-1.303243454474404484e+00
-1.299335677999218674e+00
-1.295427901524032865e+00
-1.291520125048847500e+00
-1.287612348573661691e+00
-1.283704572098476326e+00
-1.279796795623290517e+00
-1.275889019148105152e+00
-1.271981242672919343e+00
-1.268073466197733534e+00
-1.264165689722548169e+00
-1.260257913247362360e+00
-1.256350136772176995e+00
-1.252442360296991186e+00
-1.248534583821805821e+00
-1.244626807346620012e+00
-1.240719030871434203e+00
-1.236811254396248838e+00
-1.232903477921063029e+00
-1.228995701445877664e+00
-1.225087924970691855e+00
-1.221180148495506490e+00
-1.217272372020320681e+00
-1.213364595545134872e+00
-1.209456819069949507e+00
-1.205549042594763698e+00
-1.201641266119578333e+00
-1.197733489644392524e+00
-1.193825713169207159e+00
-1.189917936694021350e+00
-1.186010160218835541e+00
-1.182102383743650176e+00
-1.178194607268464367e+00
-1.174286830793279002e+00
-1.170379054318093193e+00
-1.166471277842907828e+00
-1.162563501367722019e+00
-1.158655724892536210e+00
-1.154747948417350845e+00
-1.150840171942165036e+00
-1.146932395466979671e+00
-1.143024618991793862e+00
-1.139116842516608497e+00
-1.135209066041422687e+00
-1.131301289566236878e+00
-1.127393513091051513e+00
-1.123485736615865704e+00
-1.119577960140680339e+00
-1.115670183665494530e+00
-1.111762407190309165e+00
-1.107854630715123356e+00
-1.103946854239937547e+00
-1.100039077764752182e+00
-1.096131301289566373e+00
-1.092223524814381008e+00
-1.088315748339195199e+00
-1.084407971864009834e+00
-1.080500195388824025e+00
-1.076592418913638216e+00
-1.072684642438452851e+00
-1.068776865963267042e+00
-1.064869089488081677e+00
-1.060961313012895868e+00
-1.057053536537710503e+00
-1.053145760062524694e+00
-1.049237983587338885e+00
-1.045330207112153520e+00
-1.041422430636967711e+00
-1.037514654161782346e+00
-1.033606877686596537e+00
-1.029699101211411172e+00
-1.025791324736225363e+00
-1.021883548261039554e+00
-1.017975771785854189e+00
-1.014067995310668380e+00
-1.010160218835483015e+00
-1.006252442360297206e+00
-1.002344665885111841e+00
-9.984368894099260316e-01
-9.945291129347406667e-01
-9.906213364595544135e-01
-9.867135599843690485e-01
-9.828057835091836836e-01
-9.788980070339983186e-01
-9.749902305588120655e-01
-9.710824540836267005e-01
-9.671746776084413355e-01
-9.632669011332550824e-01
-9.593591246580697174e-01
-9.554513481828843524e-01
-9.515435717076989874e-01
-9.476357952325127343e-01
-9.437280187573273693e-01
-9.398202422821420043e-01
-9.359124658069557512e-01
-9.320046893317703862e-01
-9.280969128565850212e-01
-9.241891363813996563e-01
-9.202813599062134031e-01
-9.163735834310280381e-01
-9.124658069558426732e-01
-9.085580304806564200e-01
-9.046502540054710551e-01
-9.007424775302856901e-01
-8.968347010551003251e-01
-8.929269245799140720e-01
-8.890191481047287070e-01
-8.851113716295433420e-01
-8.812035951543570889e-01
-8.772958186791717239e-01
-8.733880422039863589e-01
-8.694802657288009939e-01
-8.655724892536147408e-01
-8.616647127784293758e-01
-8.577569363032440108e-01
-8.538491598280577577e-01
-8.499413833528723927e-01
-8.460336068776870277e-01
-8.421258304025016628e-01
-8.382180539273154096e-01
-8.343102774521300447e-01
-8.304025009769446797e-01
-8.264947245017584265e-01
-8.225869480265730616e-01
-8.186791715513876966e-01
-8.147713950762023316e-01
-8.108636186010160785e-01
-8.069558421258307135e-01
-8.030480656506453485e-01
-7.991402891754590954e-01
-7.952325127002737304e-01
-7.913247362250883654e-01
-7.874169597499030004e-01
-7.835091832747167473e-01
-7.796014067995313823e-01
-7.756936303243460173e-01
-7.717858538491597642e-01
-7.678780773739743992e-01
-7.639703008987890342e-01
-7.600625244236036693e-01
-7.561547479484174161e-01
-7.522469714732320512e-01
-7.483391949980466862e-01
-7.444314185228604330e-01
-7.405236420476750681e-01
-7.366158655724897031e-01
-7.327080890973043381e-01
-7.288003126221180850e-01
-7.248925361469327200e-01
-7.209847596717473550e-01
-7.170769831965611019e-01
-7.131692067213757369e-01
-7.092614302461903719e-01
-7.053536537710050069e-01
-7.014458772958187538e-01
-6.975381008206333888e-01
-6.936303243454480238e-01
-6.897225478702617707e-01
-6.858147713950764057e-01
-6.819069949198910408e-01
-6.779992184447056758e-01
-6.740914419695194226e-01
-6.701836654943340577e-01
-6.662758890191486927e-01
-6.623681125439624395e-01
-6.584603360687770746e-01
-6.545525595935917096e-01
-6.506447831184063446e-01
-6.467370066432200915e-01
-6.428292301680347265e-01
-6.389214536928493615e-01
-6.350136772176631084e-01
-6.311059007424777434e-01
-6.271981242672923784e-01
-6.232903477921070134e-01
-6.193825713169207603e-01
-6.154747948417353953e-01
-6.115670183665500304e-01
-6.076592418913637772e-01
-6.037514654161784122e-01
-5.998436889409930473e-01
-5.959359124658076823e-01
-5.920281359906214291e-01
-5.881203595154360642e-01
-5.842125830402506992e-01
-5.803048065650644460e-01
-5.763970300898790811e-01
-5.724892536146937161e-01
-5.685814771395083511e-01
-5.646737006643220980e-01
-5.607659241891367330e-01
-5.568581477139513680e-01
-5.529503712387651149e-01
-5.490425947635797499e-01
-5.451348182883943849e-01
-5.412270418132090199e-01
-5.373192653380227668e-01
-5.334114888628374018e-01
-5.295037123876520369e-01
-5.255959359124657837e-01
-5.216881594372804187e-01
-5.177803829620950538e-01
-5.138726064869096888e-01
-5.099648300117234356e-01
-5.060570535365380707e-01
-5.021492770613527057e-01
-4.982415005861664525e-01
-4.943337241109810876e-01
-4.904259476357957226e-01
-4.865181711606103576e-01
-4.826103946854241045e-01
-4.787026182102387395e-01
-4.747948417350533745e-01
-4.708870652598671214e-01
-4.669792887846817564e-01
-4.630715123094963914e-01
-4.591637358343110265e-01
-4.552559593591247733e-01
-4.513481828839394083e-01
-4.474404064087540434e-01
-4.435326299335677902e-01
-4.396248534583824252e-01
-4.357170769831970603e-01
-4.318093005080116953e-01
-4.279015240328254421e-01
-4.239937475576400772e-01
-4.200859710824547122e-01
-4.161781946072684590e-01
-4.122704181320830941e-01
-4.083626416568977291e-01
-4.044548651817123641e-01
-4.005470887065261110e-01
-3.966393122313407460e-01
-3.927315357561553810e-01
-3.888237592809691279e-01
-3.849159828057837629e-01
-3.810082063305983979e-01
-3.771004298554130330e-01
-3.731926533802267798e-01
-3.692848769050414148e-01
-3.653771004298560499e-01
-3.614693239546697967e-01
-3.575615474794844317e-01
-3.536537710042990668e-01
-3.497459945291137018e-01
-3.458382180539274486e-01
-3.419304415787420837e-01
-3.380226651035567187e-01
-3.341148886283704655e-01
-3.302071121531851006e-01
-3.262993356779997356e-01
-3.223915592028134824e-01
-3.184837827276281175e-01
-3.145760062524427525e-01
-3.106682297772573875e-01
-3.067604533020711344e-01
-3.028526768268857694e-01
-2.989449003517004044e-01
-2.950371238765141513e-01
-2.911293474013287863e-01
-2.872215709261434213e-01
-2.833137944509580564e-01
-2.794060179757718032e-01
-2.754982415005864382e-01
-2.715904650254010733e-01
-2.676826885502148201e-01
-2.637749120750294551e-01
-2.598671355998440902e-01
-2.559593591246587252e-01
-2.520515826494724720e-01
-2.481438061742871071e-01
-2.442360296991017421e-01
-2.403282532239154889e-01
-2.364204767487301240e-01
-2.325127002735447590e-01
-2.286049237983593940e-01
-2.246971473231731409e-01
-2.207893708479877759e-01
-2.168815943728024109e-01
-2.129738178976161578e-01
-2.090660414224307928e-01
-2.051582649472454278e-01
-2.012504884720600629e-01
-1.973427119968738097e-01
-1.934349355216884447e-01
-1.895271590465030798e-01
-1.856193825713168266e-01
-1.817116060961314616e-01
-1.778038296209460967e-01
-1.738960531457607317e-01
-1.699882766705744785e-01
-1.660805001953891136e-01
-1.621727237202037486e-01
-1.582649472450174954e-01
-1.543571707698321305e-01
-1.504493942946467655e-01
-1.465416178194614005e-01
-1.426338413442751474e-01
-1.387260648690897824e-01
-1.348182883939044174e-01
-1.309105119187181643e-01
-1.270027354435327993e-01
-1.230949589683474343e-01
-1.191871824931620694e-01
-1.152794060179758162e-01
-1.113716295427904512e-01
-1.074638530676050863e-01
-1.035560765924188331e-01
-9.964830011723346814e-02
-9.574052364204810317e-02
-9.183274716686273820e-02
-8.792497069167648505e-02
-8.401719421649112007e-02
-8.010941774130575510e-02
-7.620164126611950195e-02
-7.229386479093413698e-02
-6.838608831574877200e-02
-6.447831184056340703e-02
-6.057053536537715388e-02
-5.666275889019178891e-02
-5.275498241500642393e-02
-4.884720593982017078e-02
-4.493942946463480581e-02
-4.103165298944944084e-02
-3.712387651426407587e-02
-3.321610003907782271e-02
-2.930832356389245774e-02
-2.540054708870709277e-02
-2.149277061352083962e-02
-1.758499413833547464e-02
-1.367721766315010967e-02
-9.769441187964744699e-03
-5.861664712778491548e-03
-1.953888237593126576e-03
1.953888237592238397e-03
5.861664712778491548e-03
9.769441187963856521e-03
1.367721766314922149e-02
1.758499413833458647e-02
2.149277061352083962e-02
2.540054708870620459e-02
2.930832356389156956e-02
3.321610003907782271e-02
3.712387651426318769e-02
4.103165298944855266e-02
4.493942946463391763e-02
4.884720593982017078e-02
5.275498241500553576e-02
5.666275889019090073e-02
6.057053536537715388e-02
6.447831184056251885e-02
6.838608831574788383e-02
7.229386479093324880e-02
7.620164126611950195e-02
8.010941774130486692e-02
8.401719421649023190e-02
8.792497069167648505e-02
9.183274716686185002e-02
9.574052364204721499e-02
9.964830011723257996e-02
1.035560765924188331e-01
1.074638530676041981e-01
1.113716295427895631e-01
1.152794060179758162e-01
1.191871824931611812e-01
1.230949589683465462e-01
1.270027354435319111e-01
1.309105119187181643e-01
1.348182883939035293e-01
1.387260648690888942e-01
1.426338413442751474e-01
1.465416178194605124e-01
1.504493942946458773e-01
1.543571707698312423e-01
1.582649472450174954e-01
1.621727237202028604e-01
1.660805001953882254e-01
1.699882766705744785e-01
1.738960531457598435e-01
1.778038296209452085e-01
1.817116060961305735e-01
1.856193825713168266e-01
1.895271590465021916e-01
1.934349355216875566e-01
1.973427119968738097e-01
2.012504884720591747e-01
2.051582649472445397e-01
2.090660414224299046e-01
2.129738178976161578e-01
2.168815943728015228e-01
2.207893708479868877e-01
2.246971473231731409e-01
2.286049237983585058e-01
2.325127002735438708e-01
2.364204767487292358e-01
2.403282532239154889e-01
2.442360296991008539e-01
2.481438061742862189e-01
2.520515826494724720e-01
2.559593591246578370e-01
2.598671355998432020e-01
2.637749120750285670e-01
2.676826885502148201e-01
2.715904650254001851e-01
2.754982415005855501e-01
2.794060179757718032e-01
2.833137944509571682e-01
2.872215709261425332e-01
2.911293474013278981e-01
2.950371238765141513e-01
2.989449003516995162e-01
3.028526768268848812e-01
3.067604533020711344e-01
3.106682297772564993e-01
3.145760062524418643e-01
3.184837827276272293e-01
3.223915592028134824e-01
3.262993356779988474e-01
3.302071121531842124e-01
3.341148886283704655e-01
3.380226651035558305e-01
3.419304415787411955e-01
3.458382180539265605e-01
3.497459945291128136e-01
3.536537710042981786e-01
3.575615474794835436e-01
3.614693239546697967e-01
3.653771004298551617e-01
3.692848769050405267e-01
3.731926533802258916e-01
3.771004298554121448e-01
3.810082063305975097e-01
3.849159828057828747e-01
3.888237592809691279e-01
3.927315357561544928e-01
3.966393122313398578e-01
4.005470887065252228e-01
4.044548651817114759e-01
4.083626416568968409e-01
4.122704181320822059e-01
4.161781946072684590e-01
4.200859710824538240e-01
4.239937475576391890e-01
4.279015240328245540e-01
4.318093005080108071e-01
4.357170769831961721e-01
4.396248534583815371e-01
4.435326299335677902e-01
4.474404064087531552e-01
4.513481828839385201e-01
4.552559593591238851e-01
4.591637358343101383e-01
4.630715123094955032e-01
4.669792887846808682e-01
4.708870652598671214e-01
4.747948417350524863e-01
4.787026182102378513e-01
4.826103946854232163e-01
4.865181711606094694e-01
4.904259476357948344e-01
4.943337241109801994e-01
4.982415005861664525e-01
5.021492770613518175e-01
5.060570535365371825e-01
5.099648300117225475e-01
5.138726064869088006e-01
5.177803829620941656e-01
5.216881594372795306e-01
5.255959359124657837e-01
5.295037123876511487e-01
5.334114888628365136e-01
5.373192653380218786e-01
5.412270418132081318e-01
5.451348182883934967e-01
5.490425947635788617e-01
5.529503712387651149e-01
5.568581477139504798e-01
5.607659241891358448e-01
5.646737006643212098e-01
5.685814771395074629e-01
5.724892536146928279e-01
5.763970300898781929e-01
5.803048065650644460e-01
5.842125830402498110e-01
5.881203595154351760e-01
5.920281359906205410e-01
5.959359124658067941e-01
5.998436889409921591e-01
6.037514654161775240e-01
6.076592418913637772e-01
6.115670183665491422e-01
6.154747948417345071e-01
6.193825713169198721e-01
6.232903477921061253e-01
6.271981242672914902e-01
6.311059007424768552e-01
6.350136772176631084e-01
6.389214536928484733e-01
6.428292301680338383e-01
6.467370066432192033e-01
6.506447831184054564e-01
6.545525595935908214e-01
6.584603360687761864e-01
6.623681125439624395e-01
6.662758890191478045e-01
6.701836654943331695e-01
6.740914419695185344e-01
6.779992184447047876e-01
6.819069949198901526e-01
6.858147713950755175e-01
6.897225478702617707e-01
6.936303243454471357e-01
6.975381008206325006e-01
7.014458772958178656e-01
7.053536537710041188e-01
7.092614302461894837e-01
7.131692067213748487e-01
7.170769831965611019e-01
7.209847596717464668e-01
7.248925361469318318e-01
7.288003126221171968e-01
7.327080890973034499e-01
7.366158655724888149e-01
7.405236420476741799e-01
7.444314185228604330e-01
7.483391949980457980e-01
7.522469714732311630e-01
7.561547479484165279e-01
7.600625244236027811e-01
7.639703008987881461e-01
7.678780773739735110e-01
7.717858538491597642e-01
7.756936303243451292e-01
7.796014067995304941e-01
7.835091832747158591e-01
7.874169597499021123e-01
7.913247362250874772e-01
7.952325127002728422e-01
7.991402891754590954e-01
8.030480656506444603e-01
8.069558421258298253e-01
8.108636186010151903e-01
8.147713950762014434e-01
8.186791715513868084e-01
8.225869480265721734e-01
8.264947245017584265e-01
8.304025009769437915e-01
8.343102774521291565e-01
8.382180539273145214e-01
8.421258304025007746e-01
8.460336068776861396e-01
8.499413833528715045e-01
8.538491598280577577e-01
8.577569363032431227e-01
8.616647127784284876e-01
8.655724892536138526e-01
8.694802657288001058e-01
8.733880422039854707e-01
8.772958186791708357e-01
8.812035951543570889e-01
8.851113716295424538e-01
8.890191481047278188e-01
8.929269245799131838e-01
8.968347010550994369e-01
9.007424775302848019e-01
9.046502540054701669e-01
9.085580304806564200e-01
9.124658069558417850e-01
9.163735834310271500e-01
9.202813599062125149e-01
9.241891363813987681e-01
9.280969128565841331e-01
9.320046893317694980e-01
9.359124658069557512e-01
9.398202422821411162e-01
9.437280187573264811e-01
9.476357952325118461e-01
9.515435717076980993e-01
9.554513481828834642e-01
9.593591246580688292e-01
9.632669011332550824e-01
9.671746776084404473e-01
9.710824540836258123e-01
9.749902305588111773e-01
9.788980070339974304e-01
9.828057835091827954e-01
9.867135599843681604e-01
9.906213364595544135e-01
9.945291129347397785e-01
9.984368894099251435e-01
1.002344665885111397e+00
1.006252442360296762e+00
1.010160218835482127e+00
1.014067995310667492e+00
1.017975771785853745e+00
1.021883548261039110e+00
1.025791324736224475e+00
1.029699101211410728e+00
1.033606877686596093e+00
1.037514654161781458e+00
1.041422430636966823e+00
1.045330207112153076e+00
1.049237983587338441e+00
1.053145760062523806e+00
1.057053536537710059e+00
1.060961313012895424e+00
1.064869089488080789e+00
1.068776865963266154e+00
1.072684642438452407e+00
1.076592418913637772e+00
1.080500195388823137e+00
1.084407971864009390e+00
1.088315748339194755e+00
1.092223524814380120e+00
1.096131301289565485e+00
1.100039077764751738e+00
1.103946854239937103e+00
1.107854630715122468e+00
1.111762407190308721e+00
1.115670183665494086e+00
1.119577960140679451e+00
1.123485736615864816e+00
1.127393513091051069e+00
1.131301289566236434e+00
1.135209066041421799e+00
1.139116842516608052e+00
1.143024618991793417e+00
1.146932395466978782e+00
1.150840171942164147e+00
1.154747948417350401e+00
1.158655724892535765e+00
1.162563501367721130e+00
1.166471277842907384e+00
1.170379054318092749e+00
1.174286830793278114e+00
1.178194607268463479e+00
1.182102383743649732e+00
1.186010160218835097e+00
1.189917936694020462e+00
1.193825713169206715e+00
1.197733489644392080e+00
1.201641266119577445e+00
1.205549042594762810e+00
1.209456819069949063e+00
1.213364595545134428e+00
1.217272372020319793e+00
1.221180148495506046e+00
1.225087924970691411e+00
1.228995701445876776e+00
1.232903477921062141e+00
1.236811254396248394e+00
1.240719030871433759e+00
1.244626807346619124e+00
1.248534583821805377e+00
1.252442360296990742e+00
1.256350136772176107e+00
1.260257913247361472e+00
1.264165689722547725e+00
1.268073466197733090e+00
1.271981242672918455e+00
1.275889019148104708e+00
1.279796795623290073e+00
1.283704572098475438e+00
1.287612348573660803e+00
1.291520125048847056e+00
1.295427901524032421e+00
1.299335677999217786e+00
1.303243454474404039e+00
1.307151230949589404e+00
1.311059007424774769e+00
1.314966783899960134e+00
1.318874560375146388e+00
1.322782336850331752e+00
1.326690113325517117e+00
1.330597889800703371e+00
1.334505666275888736e+00
1.338413442751074101e+00
1.342321219226259466e+00
1.346228995701445719e+00
1.350136772176631084e+00
1.354044548651816449e+00
1.357952325127002702e+00
1.361860101602188067e+00
1.365767878077373432e+00
1.369675654552558797e+00
1.373583431027745050e+00
1.377491207502930415e+00
1.381398983978115780e+00
1.385306760453302033e+00
1.389214536928487398e+00
1.393122313403672763e+00
1.397030089878858128e+00
1.400937866354044381e+00
1.404845642829229746e+00
1.408753419304415111e+00
1.412661195779601364e+00
1.416568972254786729e+00
1.420476748729972094e+00
1.424384525205157459e+00
1.428292301680343712e+00
1.432200078155529077e+00
1.436107854630714442e+00
1.440015631105900695e+00
1.443923407581086060e+00
1.447831184056271425e+00
1.451738960531456790e+00
1.455646737006643043e+00
1.459554513481828408e+00
1.463462289957013773e+00
1.467370066432200026e+00
1.471277842907385391e+00
1.475185619382570756e+00
1.479093395857756121e+00
1.483001172332942375e+00
1.486908948808127739e+00
1.490816725283313104e+00
1.494724501758499358e+00
1.498632278233684723e+00
1.502540054708870088e+00
1.506447831184055453e+00
1.510355607659241706e+00
1.514263384134427071e+00
1.518171160609612436e+00
1.522078937084798689e+00
1.525986713559984054e+00
1.529894490035169419e+00
1.533802266510354784e+00
1.537710042985541037e+00
1.541617819460726402e+00
1.545525595935911767e+00
1.549433372411098020e+00
1.553341148886283385e+00
1.557248925361468750e+00
1.561156701836654115e+00
1.565064478311840368e+00
1.568972254787025733e+00
1.572880031262211098e+00
1.576787807737397351e+00
1.580695584212582716e+00
1.584603360687768081e+00
1.588511137162953446e+00
1.592418913638139699e+00
1.596326690113325064e+00
1.600234466588510429e+00
1.604142243063696682e+00
1.608050019538882047e+00
1.611957796014067412e+00
1.615865572489252777e+00
1.619773348964439030e+00
1.623681125439624395e+00
1.627588901914809760e+00
1.631496678389996013e+00
1.635404454865181378e+00
1.639312231340366743e+00
1.643220007815552108e+00
1.647127784290738362e+00
1.651035560765923726e+00
1.654943337241109091e+00
1.658851113716295345e+00
1.662758890191480710e+00
1.666666666666666075e+00
1.670574443141851440e+00
1.674482219617037693e+00
1.678389996092223058e+00
1.682297772567408423e+00
1.686205549042594676e+00
1.690113325517780041e+00
1.694021101992965406e+00
1.697928878468150771e+00
1.701836654943337024e+00
1.705744431418522389e+00
1.709652207893707754e+00
1.713559984368894007e+00
1.717467760844079372e+00
1.721375537319264737e+00
1.725283313794450102e+00
1.729191090269636355e+00
1.733098866744821720e+00
1.737006643220007085e+00
1.740914419695193338e+00
1.744822196170378703e+00
1.748729972645564068e+00
1.752637749120749433e+00
1.756545525595935686e+00
1.760453302071121051e+00
1.764361078546306416e+00
1.768268855021492669e+00
1.772176631496678034e+00
1.776084407971863399e+00
1.779992184447048764e+00
1.783899960922235017e+00
1.787807737397420382e+00
1.791715513872605747e+00
1.795623290347792000e+00
1.799531066822977365e+00
1.803438843298162730e+00
1.807346619773348095e+00
1.811254396248534349e+00
1.815162172723719713e+00
1.819069949198905078e+00
1.822977725674091332e+00
1.826885502149276697e+00
1.830793278624462062e+00
1.834701055099647427e+00
1.838608831574833680e+00
1.842516608050019045e+00
1.846424384525204410e+00
1.850332161000390663e+00
1.854239937475576028e+00
1.858147713950761393e+00
1.862055490425946758e+00
1.865963266901133011e+00
1.869871043376318376e+00
1.873778819851503741e+00
1.877686596326689994e+00
1.881594372801875359e+00
1.885502149277060724e+00
1.889409925752246089e+00
1.893317702227432342e+00
1.897225478702617707e+00
1.901133255177803072e+00
1.905041031652989325e+00
1.908948808128174690e+00
1.912856584603360055e+00
1.916764361078545420e+00
1.920672137553731673e+00
1.924579914028917038e+00
1.928487690504102403e+00
1.932395466979288656e+00
1.936303243454474021e+00
1.940211019929659386e+00
1.944118796404844751e+00
1.948026572880031004e+00
1.951934349355216369e+00
1.955842125830401734e+00
1.959749902305587987e+00
1.963657678780773352e+00
1.967565455255958717e+00
1.971473231731144082e+00
1.975381008206330335e+00
1.979288784681515700e+00
1.983196561156701065e+00
1.987104337631887319e+00
1.991012114107072684e+00
1.994919890582258049e+00
1.998827667057443414e+00
2.002735443532629667e+00
2.006643220007815032e+00
2.010550996483000397e+00
2.014458772958186650e+00
2.018366549433372015e+00
2.022274325908557380e+00
2.026182102383742745e+00
2.030089878858928998e+00
2.033997655334114363e+00
2.037905431809299728e+00
2.041813208284485981e+00
2.045720984759671346e+00
2.049628761234856711e+00
2.053536537710042076e+00
2.057444314185228329e+00
2.061352090660413694e+00
2.065259867135599059e+00
2.069167643610785312e+00
2.073075420085970677e+00
2.076983196561156042e+00
2.080890973036341407e+00
2.084798749511527660e+00
2.088706525986713025e+00
2.092614302461898390e+00
2.096522078937084643e+00
2.100429855412270008e+00
2.104337631887455373e+00
2.108245408362640738e+00
2.112153184837826991e+00
2.116060961313012356e+00
2.119968737788197721e+00
2.123876514263383974e+00
2.127784290738569339e+00
2.131692067213754704e+00
2.135599843688940069e+00
2.139507620164126322e+00
2.143415396639311687e+00
2.147323173114497052e+00
2.151230949589683306e+00
2.155138726064868671e+00
2.159046502540054036e+00
2.162954279015239401e+00
2.166862055490425654e+00
2.170769831965611019e+00
2.174677608440796384e+00
2.178585384915982637e+00
2.182493161391168002e+00
2.186400937866353367e+00
2.190308714341538732e+00
2.194216490816724985e+00
2.198124267291910350e+00
2.202032043767095715e+00
2.205939820242281968e+00
2.209847596717467333e+00
2.213755373192652698e+00
2.217663149667838063e+00
2.221570926143024316e+00
2.225478702618209681e+00
2.229386479093395046e+00
2.233294255568581299e+00
2.237202032043766664e+00
2.241109808518952029e+00
2.245017584994137394e+00
2.248925361469323647e+00
2.252833137944509012e+00
2.256740914419694377e+00
2.260648690894880630e+00
2.264556467370065995e+00
2.268464243845251360e+00
2.272372020320436725e+00
2.276279796795622978e+00
2.280187573270808343e+00
2.284095349745993708e+00
2.288003126221179961e+00
2.291910902696365326e+00
2.295818679171550691e+00
2.299726455646736056e+00
2.303634232121922309e+00
2.307542008597107674e+00
2.311449785072293039e+00
2.315357561547479293e+00
2.319265338022664658e+00
2.323173114497850023e+00
2.327080890973035388e+00
2.330988667448221641e+00
2.334896443923407006e+00
2.338804220398592371e+00
2.342711996873778624e+00
2.346619773348963989e+00
2.350527549824149354e+00
2.354435326299335607e+00
2.358343102774520972e+00
2.362250879249706337e+00
2.366158655724891702e+00
2.370066432200077955e+00
2.373974208675263320e+00
2.377881985150448685e+00
2.381789761625634938e+00
2.385697538100820303e+00
2.389605314576005668e+00
2.393513091051191033e+00
2.397420867526377286e+00
2.401328644001562651e+00
2.405236420476748016e+00
2.409144196951934269e+00
2.413051973427119634e+00
2.416959749902304999e+00
2.420867526377490364e+00
2.424775302852676617e+00
2.428683079327861982e+00
2.432590855803047347e+00
2.436498632278233600e+00
2.440406408753418965e+00
2.444314185228604330e+00
2.448221961703789695e+00
2.452129738178975948e+00
2.456037514654161313e+00
2.459945291129346678e+00
2.463853067604532932e+00
2.467760844079718296e+00
2.471668620554903661e+00
2.475576397030089026e+00
2.479484173505275280e+00
2.483391949980460645e+00
2.487299726455646010e+00
2.491207502930832263e+00
2.495115279406017628e+00
2.499023055881202993e+00
2.502930832356388358e+00
2.506838608831574611e+00
2.510746385306759976e+00
2.514654161781945341e+00
2.518561938257131594e+00
2.522469714732316959e+00
2.526377491207502324e+00
2.530285267682687689e+00
2.534193044157873942e+00
2.538100820633059307e+00
2.542008597108244672e+00
2.545916373583430925e+00
2.549824150058616290e+00
2.553731926533801655e+00
2.557639703008987020e+00
2.561547479484173273e+00
2.565455255959358638e+00
2.569363032434544003e+00
2.573270808909730256e+00
2.577178585384915621e+00
2.581086361860100986e+00
2.584994138335286351e+00
2.588901914810472604e+00
2.592809691285657969e+00
2.596717467760843334e+00
2.600625244236029587e+00
2.604533020711214952e+00
2.608440797186400317e+00
2.612348573661585682e+00
2.616256350136771935e+00
2.620164126611957300e+00
2.624071903087142665e+00
2.627979679562328919e+00
2.631887456037514283e+00
2.635795232512699648e+00
2.639703008987885013e+00
2.643610785463071267e+00
2.647518561938256632e+00
2.651426338413441997e+00
2.655334114888628250e+00
2.659241891363813615e+00
2.663149667838998980e+00
2.667057444314184345e+00
2.670965220789370598e+00
2.674872997264555963e+00
2.678780773739741328e+00
2.682688550214927581e+00
2.686596326690112946e+00
2.690504103165298311e+00
2.694411879640483676e+00
2.698319656115669929e+00
2.702227432590855294e+00
2.706135209066040659e+00
2.710042985541226912e+00
2.713950762016412277e+00
2.717858538491597642e+00
2.721766314966783007e+00
2.725674091441969260e+00
2.729581867917154625e+00
2.733489644392339990e+00
2.737397420867526243e+00
2.741305197342711608e+00
2.745212973817896973e+00
2.749120750293082338e+00
2.753028526768268591e+00
2.756936303243453956e+00
2.760844079718639321e+00
2.764751856193825574e+00
2.768659632669010939e+00
2.772567409144196304e+00
2.776475185619381669e+00
2.780382962094567922e+00
2.784290738569753287e+00
2.788198515044938652e+00
2.792106291520124906e+00
2.796014067995310270e+00
2.799921844470495635e+00
2.803829620945681000e+00
2.807737397420867254e+00
2.811645173896052619e+00
2.815552950371237984e+00
2.819460726846424237e+00
2.823368503321609602e+00
2.827276279796794967e+00
2.831184056271980332e+00
2.835091832747166585e+00
2.838999609222351950e+00
2.842907385697537315e+00
2.846815162172723568e+00
2.850722938647908933e+00
2.854630715123094298e+00
2.858538491598279663e+00
2.862446268073465916e+00
2.866354044548651281e+00
2.870261821023836646e+00
2.874169597499022899e+00
2.878077373974208264e+00
2.881985150449393629e+00
2.885892926924578994e+00
2.889800703399765247e+00
2.893708479874950612e+00
2.897616256350135977e+00
2.901524032825322230e+00
2.905431809300507595e+00
2.909339585775692960e+00
2.913247362250878325e+00
2.917155138726064578e+00
2.921062915201249943e+00
2.924970691676435308e+00
2.928878468151621561e+00
2.932786244626806926e+00
2.936694021101992291e+00
2.940601797577177656e+00
2.944509574052363909e+00
2.948417350527549274e+00
2.952325127002734639e+00
2.956232903477920892e+00
2.960140679953106257e+00
2.964048456428291622e+00
2.967956232903476987e+00
2.971864009378663241e+00
2.975771785853848606e+00
2.979679562329033971e+00
2.983587338804220224e+00
2.987495115279405589e+00
2.991402891754590954e+00
2.995310668229776319e+00
2.999218444704962572e+00
3.003126221180147937e+00
3.007033997655334190e+00
3.010941774130518667e+00
3.014849550605704920e+00
3.018757327080891173e+00
3.022665103556075650e+00
3.026572880031261903e+00
3.030480656506448156e+00
3.034388432981632633e+00
3.038296209456818886e+00
3.042203985932003363e+00
3.046111762407189616e+00
3.050019538882375869e+00
3.053927315357560346e+00
3.057835091832746599e+00
3.061742868307932852e+00
3.065650644783117329e+00
3.069558421258303582e+00
3.073466197733489835e+00
3.077373974208674312e+00
3.081281750683860565e+00
3.085189527159046818e+00
3.089097303634231295e+00
3.093005080109417548e+00
3.096912856584602025e+00
3.100820633059788278e+00
3.104728409534974531e+00
3.108636186010159008e+00
3.112543962485345261e+00
3.116451738960531515e+00
3.120359515435715991e+00
3.124267291910902244e+00
3.128175068386088498e+00
3.132082844861272974e+00
3.135990621336459228e+00
3.139898397811645481e+00
3.143806174286829958e+00
3.147713950762016211e+00
3.151621727237200687e+00
3.155529503712386941e+00
3.159437280187573194e+00
3.163345056662757671e+00
3.167252833137943924e+00
3.171160609613130177e+00
3.175068386088314654e+00
3.178976162563500907e+00
3.182883939038687160e+00
3.186791715513871637e+00
3.190699491989057890e+00
3.194607268464244143e+00
3.198515044939428620e+00
3.202422821414614873e+00
3.206330597889799350e+00
3.210238374364985603e+00
3.214146150840171856e+00
3.218053927315356333e+00
3.221961703790542586e+00
3.225869480265728839e+00
3.229777256740913316e+00
3.233685033216099569e+00
3.237592809691285822e+00
3.241500586166470299e+00
3.245408362641656552e+00
3.249316139116842805e+00
3.253223915592027282e+00
3.257131692067213535e+00
3.261039468542398012e+00
3.264947245017584265e+00
3.268855021492770518e+00
3.272762797967954995e+00
3.276670574443141248e+00
3.280578350918327502e+00
3.284486127393511978e+00
3.288393903868698231e+00
3.292301680343884485e+00
3.296209456819068961e+00
3.300117233294255215e+00
3.304025009769441468e+00
3.307932786244625945e+00
3.311840562719812198e+00
3.315748339194996674e+00
3.319656115670182928e+00
3.323563892145369181e+00
3.327471668620553658e+00
3.331379445095739911e+00
3.335287221570926164e+00
3.339194998046110641e+00
3.343102774521296894e+00
3.347010550996483147e+00
3.350918327471667624e+00
3.354826103946853877e+00
3.358733880422040130e+00
3.362641656897224607e+00
3.366549433372410860e+00
3.370457209847595337e+00
3.374364986322781590e+00
3.378272762797967843e+00
3.382180539273152320e+00
3.386088315748338573e+00
3.389996092223524826e+00
3.393903868698709303e+00
3.397811645173895556e+00
3.401719421649081809e+00
3.405627198124266286e+00
3.409534974599452539e+00
3.413442751074638792e+00
3.417350527549823269e+00
3.421258304025009522e+00
3.425166080500193999e+00
3.429073856975380252e+00
3.432981633450566505e+00
3.436889409925750982e+00
3.440797186400937235e+00
3.444704962876123489e+00
3.448612739351307965e+00
3.452520515826494218e+00
3.456428292301680472e+00
3.460336068776864948e+00
3.464243845252051202e+00
3.468151621727237455e+00
3.472059398202421932e+00
3.475967174677608185e+00
3.479874951152792661e+00
3.483782727627978915e+00
3.487690504103165168e+00
3.491598280578349645e+00
3.495506057053535898e+00
3.499413833528722151e+00
3.503321610003906628e+00
3.507229386479092881e+00
3.511137162954279134e+00
3.515044939429463611e+00
3.518952715904649864e+00
3.522860492379836117e+00
3.526768268855020594e+00
3.530676045330206847e+00
3.534583821805391324e+00
3.538491598280577577e+00
3.542399374755763830e+00
3.546307151230948307e+00
3.550214927706134560e+00
3.554122704181320813e+00
3.558030480656505290e+00
3.561938257131691543e+00
3.565846033606877796e+00
3.569753810082062273e+00
3.573661586557248526e+00
3.577569363032434779e+00
3.581477139507619256e+00
3.585384915982805509e+00
3.589292692457989986e+00
3.593200468933176239e+00
3.597108245408362492e+00
3.601016021883546969e+00
3.604923798358733222e+00
3.608831574833919476e+00
3.612739351309103952e+00
3.616647127784290205e+00
3.620554904259476459e+00
3.624462680734660935e+00
3.628370457209847189e+00
3.632278233685033442e+00
3.636186010160217918e+00
3.640093786635404172e+00
3.644001563110588648e+00
3.647909339585774902e+00
3.651817116060961155e+00
3.655724892536145632e+00
3.659632669011331885e+00
3.663540445486518138e+00
3.667448221961702615e+00
3.671355998436888868e+00
3.675263774912075121e+00
3.679171551387259598e+00
3.683079327862445851e+00
3.686987104337632104e+00
3.690894880812816581e+00
3.694802657288002834e+00
3.698710433763187311e+00
3.702618210238373564e+00
3.706525986713559817e+00
3.710433763188744294e+00
3.714341539663930547e+00
3.718249316139116800e+00
3.722157092614301277e+00
3.726064869089487530e+00
3.729972645564673783e+00
3.733880422039858260e+00
3.737788198515044513e+00
3.741695974990230766e+00
3.745603751465415243e+00
3.749511527940601496e+00
3.753419304415785973e+00
3.757327080890972226e+00
3.761234857366158479e+00
3.765142633841342956e+00
3.769050410316529209e+00
3.772958186791715463e+00
3.776865963266899939e+00
3.780773739742086192e+00
3.784681516217272446e+00
3.788589292692456922e+00
3.792497069167643176e+00
3.796404845642829429e+00
3.800312622118013905e+00
3.804220398593200159e+00
3.808128175068384635e+00
3.812035951543570889e+00
3.815943728018757142e+00
3.819851504493941619e+00
3.823759280969127872e+00
3.827667057444314125e+00
3.831574833919498602e+00
3.835482610394684855e+00
3.839390386869871108e+00
3.843298163345055585e+00
3.847205939820241838e+00
3.851113716295428091e+00
3.855021492770612568e+00
3.858929269245798821e+00
3.862837045720983298e+00
3.866744822196169551e+00
3.870652598671355804e+00
3.874560375146540281e+00
3.878468151621726534e+00
3.882375928096912787e+00
3.886283704572097264e+00
3.890191481047283517e+00
3.894099257522469770e+00
3.898007033997654247e+00
3.901914810472840500e+00
3.905822586948026753e+00
3.909730363423211230e+00
3.913638139898397483e+00
3.917545916373581960e+00
3.921453692848768213e+00
3.925361469323954466e+00
3.929269245799138943e+00
3.933177022274325196e+00
3.937084798749511450e+00
3.940992575224695926e+00
3.944900351699882179e+00
3.948808128175068433e+00
3.952715904650252909e+00
3.956623681125439163e+00
3.960531457600625416e+00
3.964439234075809892e+00
3.968347010550996146e+00
3.972254787026180622e+00
3.976162563501366876e+00
3.980070339976553129e+00
3.983978116451737606e+00
3.987885892926923859e+00
3.991793669402110112e+00
3.995701445877294589e+00
3.999609222352480842e+00
4.003516998827667095e+00
4.007424775302851572e+00
4.011332551778037825e+00
4.015240328253224078e+00
4.019148104728408555e+00
4.023055881203594808e+00
4.026963657678779285e+00
4.030871434153965538e+00
4.034779210629151791e+00
4.038686987104336268e+00
4.042594763579522521e+00
4.046502540054708774e+00
4.050410316529893251e+00
4.054318093005079504e+00
4.058225869480265757e+00
4.062133645955450234e+00
4.066041422430636487e+00
4.069949198905822740e+00
4.073856975381007217e+00
4.077764751856193470e+00
4.081672528331377947e+00
4.085580304806564200e+00
4.089488081281750453e+00
4.093395857756934930e+00
4.097303634232121183e+00
4.101211410707307436e+00
4.105119187182491913e+00
4.109026963657678166e+00
4.112934740132864420e+00
4.116842516608048896e+00
4.120750293083235150e+00
4.124658069558421403e+00
4.128565846033605879e+00
4.132473622508792133e+00
4.136381398983976609e+00
4.140289175459162863e+00
4.144196951934349116e+00
4.148104728409533593e+00
4.152012504884719846e+00
4.155920281359906099e+00
4.159828057835090576e+00
4.163735834310276829e+00
4.167643610785463082e+00
4.171551387260647559e+00
4.175459163735833812e+00
4.179366940211020065e+00
4.183274716686204542e+00
4.187182493161390795e+00
4.191090269636575272e+00
4.194998046111761525e+00
4.198905822586947778e+00
4.202813599062132255e+00
4.206721375537318508e+00
4.210629152012504761e+00
4.214536928487689238e+00
4.218444704962875491e+00
4.222352481438061744e+00
4.226260257913246221e+00
4.230168034388432474e+00
4.234075810863618727e+00
4.237983587338803204e+00
4.241891363813989457e+00
4.245799140289173934e+00
4.249706916764360187e+00
4.253614693239546440e+00
4.257522469714730917e+00
4.261430246189917170e+00
4.265338022665103423e+00
4.269245799140287900e+00
4.273153575615474153e+00
4.277061352090660407e+00
4.280969128565844883e+00
4.284876905041031137e+00
4.288784681516217390e+00
4.292692457991401866e+00
4.296600234466588120e+00
4.300508010941772596e+00
4.304415787416958850e+00
4.308323563892145103e+00
4.312231340367329580e+00
4.316139116842515833e+00
4.320046893317702086e+00
4.323954669792886563e+00
4.327862446268072816e+00
4.331770222743259069e+00
4.335677999218443546e+00
4.339585775693629799e+00
4.343493552168816052e+00
4.347401328644000529e+00
4.351309105119186782e+00
4.355216881594373035e+00
4.359124658069557512e+00
4.363032434544743765e+00
4.366940211019928242e+00
4.370847987495114495e+00
4.374755763970300748e+00
4.378663540445485225e+00
4.382571316920671478e+00
4.386479093395857731e+00
4.390386869871042208e+00
4.394294646346228461e+00
4.398202422821414714e+00
4.402110199296599191e+00
4.406017975771785444e+00
4.409925752246971697e+00
4.413833528722156174e+00
4.417741305197342427e+00
4.421649081672526904e+00
4.425556858147713157e+00
4.429464634622899410e+00
4.433372411098083887e+00
4.437280187573270140e+00
4.441187964048456394e+00
4.445095740523640870e+00
4.449003516998827124e+00
4.452911293474013377e+00
4.456819069949197853e+00
4.460726846424384107e+00
4.464634622899570360e+00
4.468542399374754837e+00
4.472450175849941090e+00
4.476357952325125567e+00
4.480265728800311820e+00
4.484173505275498073e+00
4.488081281750682550e+00
4.491989058225868803e+00
4.495896834701055056e+00
4.499804611176239533e+00
4.503712387651425786e+00
4.507620164126612039e+00
4.511527940601796516e+00
4.515435717076982769e+00
4.519343493552169022e+00
4.523251270027353499e+00
4.527159046502539752e+00
4.531066822977724229e+00
4.534974599452910482e+00
4.538882375928096735e+00
4.542790152403281212e+00
4.546697928878467465e+00
4.550605705353653718e+00
4.554513481828838195e+00
4.558421258304024448e+00
4.562329034779210701e+00
4.566236811254395178e+00
4.570144587729581431e+00
4.574052364204767684e+00
4.577960140679952161e+00
4.581867917155138414e+00
4.585775693630322891e+00
4.589683470105509144e+00
4.593591246580695397e+00
4.597499023055879874e+00
4.601406799531066127e+00
4.605314576006252381e+00
4.609222352481436857e+00
4.613130128956623111e+00
4.617037905431809364e+00
4.620945681906993840e+00
4.624853458382180094e+00
4.628761234857366347e+00
4.632669011332550824e+00
4.636576787807737077e+00
4.640484564282921554e+00
4.644392340758107807e+00
4.648300117233294060e+00
4.652207893708478537e+00
4.656115670183664790e+00
4.660023446658851043e+00
4.663931223134035520e+00
4.667838999609221773e+00
4.671746776084408026e+00
4.675654552559592503e+00
4.679562329034778756e+00
4.683470105509965009e+00
4.687377881985149486e+00
4.691285658460335739e+00
4.695193434935520216e+00
4.699101211410706469e+00
4.703008987885892722e+00
4.706916764361077199e+00
4.710824540836263452e+00
4.714732317311449705e+00
4.718640093786634182e+00
4.722547870261820435e+00
4.726455646737006688e+00
4.730363423212191165e+00
4.734271199687377418e+00
4.738178976162563671e+00
4.742086752637748148e+00
4.745994529112934401e+00
4.749902305588118878e+00
4.753810082063305131e+00
4.757717858538491384e+00
4.761625635013675861e+00
4.765533411488862114e+00
4.769441187964048368e+00
4.773348964439232844e+00
4.777256740914419098e+00
4.781164517389605351e+00
4.785072293864789827e+00
4.788980070339976081e+00
4.792887846815162334e+00
4.796795623290346811e+00
4.800703399765533064e+00
4.804611176240717541e+00
4.808518952715903794e+00
4.812426729191090047e+00
4.816334505666274524e+00
4.820242282141460777e+00
4.824150058616647030e+00
4.828057835091831507e+00
4.831965611567017760e+00
4.835873388042204013e+00
4.839781164517388490e+00
4.843688940992574743e+00
4.847596717467760996e+00
4.851504493942945473e+00
4.855412270418131726e+00
4.859320046893316203e+00
4.863227823368502456e+00
4.867135599843688709e+00
4.871043376318873186e+00
4.874951152794059439e+00
4.878858929269245692e+00
4.882766705744430169e+00
4.886674482219616422e+00
4.890582258694802675e+00
4.894490035169987152e+00
4.898397811645173405e+00
4.902305588120359658e+00
4.906213364595544135e+00
4.910121141070730388e+00
4.914028917545914865e+00
4.917936694021101118e+00
4.921844470496287371e+00
4.925752246971471848e+00
4.929660023446658101e+00
4.933567799921844355e+00
4.937475576397028831e+00
4.941383352872215085e+00
4.945291129347401338e+00
4.949198905822585814e+00
4.953106682297772068e+00
4.957014458772958321e+00
4.960922235248142798e+00
4.964830011723329051e+00
4.968737788198513528e+00
4.972645564673699781e+00
4.976553341148886034e+00
4.980461117624070511e+00
4.984368894099256764e+00
4.988276670574443017e+00
4.992184447049627494e+00
4.996092223524813747e+00
5.000000000000000000e+00
