-1.000000000000000000e+00
-9.960861056751467713e-01
-9.921722113502935425e-01
-9.882583170254403138e-01
-9.843444227005870850e-01
-9.804305283757338563e-01
-9.765166340508806275e-01
-9.726027397260273988e-01
-9.686888454011741700e-01
-9.647749510763209413e-01
-9.608610567514677125e-01
-9.569471624266144838e-01
-9.530332681017612551e-01
-9.491193737769080263e-01
-9.452054794520547976e-01
-9.412915851272015688e-01
-9.373776908023483401e-01
-9.334637964774951113e-01
-9.295499021526418826e-01
-9.256360078277886538e-01
-9.217221135029354251e-01
-9.178082191780821963e-01
-9.138943248532289676e-01
-9.099804305283757389e-01
-9.060665362035225101e-01
-9.021526418786692814e-01
-8.982387475538160526e-01
-8.943248532289628239e-01
-8.904109589041095951e-01
-8.864970645792563664e-01
-8.825831702544031376e-01
-8.786692759295499089e-01
-8.747553816046966801e-01
-8.708414872798434514e-01
-8.669275929549902227e-01
-8.630136986301369939e-01
-8.590998043052837652e-01
-8.551859099804305364e-01
-8.512720156555773077e-01
-8.473581213307240789e-01
-8.434442270058708502e-01
-8.395303326810176214e-01
-8.356164383561643927e-01
-8.317025440313111639e-01
-8.277886497064579352e-01
-8.238747553816047065e-01
-8.199608610567514777e-01
-8.160469667318982490e-01
-8.121330724070450202e-01
-8.082191780821917915e-01
-8.043052837573385627e-01
-8.003913894324853340e-01
-7.964774951076321052e-01
-7.925636007827788765e-01
-7.886497064579256477e-01
-7.847358121330724190e-01
-7.808219178082191902e-01
-7.769080234833659615e-01
-7.729941291585127328e-01
-7.690802348336595040e-01
-7.651663405088062753e-01
-7.612524461839530465e-01
-7.573385518590998178e-01
-7.534246575342465890e-01
-7.495107632093933603e-01
-7.455968688845401315e-01
-7.416829745596869028e-01
-7.377690802348336740e-01
-7.338551859099804453e-01
-7.299412915851272166e-01
-7.260273972602739878e-01
-7.221135029354207591e-01
-7.181996086105675303e-01
-7.142857142857143016e-01
-7.103718199608610728e-01
-7.064579256360078441e-01
-7.025440313111546153e-01
-6.986301369863013866e-01
-6.947162426614481578e-01
-6.908023483365949291e-01
-6.868884540117417004e-01
-6.829745596868884716e-01
-6.790606653620352429e-01
-6.751467710371820141e-01
-6.712328767123287854e-01
-6.673189823874755566e-01
-6.634050880626223279e-01
-6.594911937377690991e-01
-6.555772994129158704e-01
-6.516634050880626416e-01
-6.477495107632094129e-01
-6.438356164383561842e-01
-6.399217221135029554e-01
-6.360078277886497267e-01
-6.320939334637964979e-01
-6.281800391389432692e-01
-6.242661448140900404e-01
-6.203522504892368117e-01
-6.164383561643835829e-01
-6.125244618395303542e-01
-6.086105675146771254e-01
-6.046966731898238967e-01
-6.007827788649706680e-01
-5.968688845401174392e-01
-5.929549902152642105e-01
-5.890410958904109817e-01
-5.851272015655577530e-01
-5.812133072407045242e-01
-5.772994129158512955e-01
-5.733855185909980667e-01
-5.694716242661448380e-01
-5.655577299412916092e-01
-5.616438356164383805e-01
-5.577299412915851518e-01
-5.538160469667319230e-01
-5.499021526418786943e-01
-5.459882583170254655e-01
-5.420743639921722368e-01
-5.381604696673190080e-01
-5.342465753424657793e-01
-5.303326810176125505e-01
-5.264187866927593218e-01
-5.225048923679060930e-01
-5.185909980430528643e-01
-5.146771037181996356e-01
-5.107632093933464068e-01
-5.068493150684931781e-01
-5.029354207436399493e-01
-4.990215264187867206e-01
-4.951076320939334918e-01
-4.911937377690802631e-01
-4.872798434442270343e-01
-4.833659491193738056e-01
-4.794520547945205768e-01
-4.755381604696673481e-01
-4.716242661448141194e-01
-4.677103718199608906e-01
-4.637964774951076619e-01
-4.598825831702544331e-01
-4.559686888454012044e-01
-4.520547945205479756e-01
-4.481409001956947469e-01
-4.442270058708415181e-01
-4.403131115459882894e-01
-4.363992172211350606e-01
-4.324853228962818319e-01
-4.285714285714286031e-01
-4.246575342465753744e-01
-4.207436399217221457e-01
-4.168297455968689169e-01
-4.129158512720156882e-01
-4.090019569471624594e-01
-4.050880626223092307e-01
-4.011741682974560019e-01
-3.972602739726027732e-01
-3.933463796477495444e-01
-3.894324853228963157e-01
-3.855185909980430869e-01
-3.816046966731898582e-01
-3.776908023483366295e-01
-3.737769080234834007e-01
-3.698630136986301720e-01
-3.659491193737769432e-01
-3.620352250489237145e-01
-3.581213307240704857e-01
-3.542074363992172570e-01
-3.502935420743640282e-01
-3.463796477495107995e-01
-3.424657534246575707e-01
-3.385518590998043420e-01
-3.346379647749511133e-01
-3.307240704500978845e-01
-3.268101761252446558e-01
-3.228962818003914270e-01
-3.189823874755381983e-01
-3.150684931506849695e-01
-3.111545988258317408e-01
-3.072407045009785120e-01
-3.033268101761252833e-01
-2.994129158512720545e-01
-2.954990215264188258e-01
-2.915851272015655971e-01
-2.876712328767123683e-01
-2.837573385518591396e-01
-2.798434442270059108e-01
-2.759295499021526821e-01
-2.720156555772994533e-01
-2.681017612524462246e-01
-2.641878669275929958e-01
-2.602739726027397671e-01
-2.563600782778865383e-01
-2.524461839530333096e-01
-2.485322896281800809e-01
-2.446183953033268521e-01
-2.407045009784736234e-01
-2.367906066536203946e-01
-2.328767123287671659e-01
-2.289628180039139371e-01
-2.250489236790607084e-01
-2.211350293542074796e-01
-2.172211350293542509e-01
-2.133072407045010221e-01
-2.093933463796477934e-01
-2.054794520547945647e-01
-2.015655577299413359e-01
-1.976516634050881072e-01
-1.937377690802348784e-01
-1.898238747553816497e-01
-1.859099804305284209e-01
-1.819960861056751922e-01
-1.780821917808219634e-01
-1.741682974559687347e-01
-1.702544031311155059e-01
-1.663405088062622772e-01
-1.624266144814090485e-01
-1.585127201565558197e-01
-1.545988258317025910e-01
-1.506849315068493622e-01
-1.467710371819961335e-01
-1.428571428571429047e-01
-1.389432485322896760e-01
-1.350293542074364472e-01
-1.311154598825832185e-01
-1.272015655577299897e-01
-1.232876712328767610e-01
-1.193737769080235323e-01
-1.154598825831703035e-01
-1.115459882583170748e-01
-1.076320939334638460e-01
-1.037181996086106173e-01
-9.980430528375738852e-02
-9.589041095890415978e-02
-9.197651663405093103e-02
-8.806262230919770229e-02
-8.414872798434447354e-02
-8.023483365949124479e-02
-7.632093933463801605e-02
-7.240704500978478730e-02
-6.849315068493155856e-02
-6.457925636007832981e-02
-6.066536203522510107e-02
-5.675146771037187232e-02
-5.283757338551864358e-02
-4.892367906066541483e-02
-4.500978473581218609e-02
-4.109589041095895734e-02
-3.718199608610572859e-02
-3.326810176125249985e-02
-2.935420743639927110e-02
-2.544031311154604236e-02
-2.152641878669281361e-02
-1.761252446183958487e-02
-1.369863013698635612e-02
-9.784735812133127375e-03
-5.870841487279898629e-03
-1.956947162426669884e-03
1.956947162426558862e-03
5.870841487279676585e-03
9.784735812133016353e-03
1.369863013698635612e-02
1.761252446183947384e-02
2.152641878669259157e-02
2.544031311154593133e-02
2.935420743639927110e-02
3.326810176125238883e-02
3.718199608610550655e-02
4.109589041095884632e-02
4.500978473581218609e-02
4.892367906066530381e-02
5.283757338551842153e-02
5.675146771037176130e-02
6.066536203522510107e-02
6.457925636007821879e-02
6.849315068493133651e-02
7.240704500978467628e-02
7.632093933463801605e-02
8.023483365949113377e-02
8.414872798434425150e-02
8.806262230919759126e-02
9.197651663405093103e-02
9.589041095890404875e-02
9.980430528375716648e-02
1.037181996086105062e-01
1.076320939334638460e-01
1.115459882583169637e-01
1.154598825831700815e-01
1.193737769080234212e-01
1.232876712328767610e-01
1.272015655577298787e-01
1.311154598825829964e-01
1.350293542074363362e-01
1.389432485322896760e-01
1.428571428571427937e-01
1.467710371819959114e-01
1.506849315068492512e-01
1.545988258317025910e-01
1.585127201565557087e-01
1.624266144814088264e-01
1.663405088062621662e-01
1.702544031311155059e-01
1.741682974559686237e-01
1.780821917808217414e-01
1.819960861056750812e-01
1.859099804305284209e-01
1.898238747553815386e-01
1.937377690802346564e-01
1.976516634050879961e-01
2.015655577299413359e-01
2.054794520547944536e-01
2.093933463796475714e-01
2.133072407045009111e-01
2.172211350293542509e-01
2.211350293542073686e-01
2.250489236790604863e-01
2.289628180039138261e-01
2.328767123287671659e-01
2.367906066536202836e-01
2.407045009784734013e-01
2.446183953033267411e-01
2.485322896281800809e-01
2.524461839530331986e-01
2.563600782778863163e-01
2.602739726027396561e-01
2.641878669275929958e-01
2.681017612524461136e-01
2.720156555772992313e-01
2.759295499021525711e-01
2.798434442270059108e-01
2.837573385518590285e-01
2.876712328767121463e-01
2.915851272015654860e-01
2.954990215264188258e-01
2.994129158512719435e-01
3.033268101761250612e-01
3.072407045009784010e-01
3.111545988258317408e-01
3.150684931506848585e-01
3.189823874755379762e-01
3.228962818003913160e-01
3.268101761252446558e-01
3.307240704500977735e-01
3.346379647749508912e-01
3.385518590998042310e-01
3.424657534246575707e-01
3.463796477495106885e-01
3.502935420743638062e-01
3.542074363992171460e-01
3.581213307240704857e-01
3.620352250489236035e-01
3.659491193737767212e-01
3.698630136986300609e-01
3.737769080234834007e-01
3.776908023483365184e-01
3.816046966731896362e-01
3.855185909980429759e-01
3.894324853228963157e-01
3.933463796477494334e-01
3.972602739726025511e-01
4.011741682974558909e-01
4.050880626223092307e-01
4.090019569471623484e-01
4.129158512720154661e-01
4.168297455968688059e-01
4.207436399217221457e-01
4.246575342465752634e-01
4.285714285714283811e-01
4.324853228962817209e-01
4.363992172211350606e-01
4.403131115459881784e-01
4.442270058708412961e-01
4.481409001956946359e-01
4.520547945205479756e-01
4.559686888454010933e-01
4.598825831702542111e-01
4.637964774951075508e-01
4.677103718199608906e-01
4.716242661448140083e-01
4.755381604696671261e-01
4.794520547945204658e-01
4.833659491193738056e-01
4.872798434442269233e-01
4.911937377690800410e-01
4.951076320939333808e-01
4.990215264187867206e-01
5.029354207436398383e-01
5.068493150684929560e-01
5.107632093933462958e-01
5.146771037181996356e-01
5.185909980430527533e-01
5.225048923679058710e-01
5.264187866927592108e-01
5.303326810176125505e-01
5.342465753424656683e-01
5.381604696673187860e-01
5.420743639921721257e-01
5.459882583170254655e-01
5.499021526418785832e-01
5.538160469667317010e-01
5.577299412915850407e-01
5.616438356164383805e-01
5.655577299412914982e-01
5.694716242661446159e-01
5.733855185909979557e-01
5.772994129158512955e-01
5.812133072407044132e-01
5.851272015655575309e-01
5.890410958904108707e-01
5.929549902152642105e-01
5.968688845401173282e-01
6.007827788649704459e-01
6.046966731898237857e-01
6.086105675146771254e-01
6.125244618395302432e-01
6.164383561643833609e-01
6.203522504892367007e-01
6.242661448140900404e-01
6.281800391389431582e-01
6.320939334637962759e-01
6.360078277886496156e-01
6.399217221135029554e-01
6.438356164383560731e-01
6.477495107632091909e-01
6.516634050880625306e-01
6.555772994129158704e-01
6.594911937377689881e-01
6.634050880626221058e-01
6.673189823874754456e-01
6.712328767123287854e-01
6.751467710371819031e-01
6.790606653620350208e-01
6.829745596868883606e-01
6.868884540117417004e-01
6.908023483365948181e-01
6.947162426614479358e-01
6.986301369863012756e-01
7.025440313111546153e-01
7.064579256360077331e-01
7.103718199608608508e-01
7.142857142857141906e-01
7.181996086105675303e-01
7.221135029354206480e-01
7.260273972602737658e-01
7.299412915851271055e-01
7.338551859099804453e-01
7.377690802348335630e-01
7.416829745596866807e-01
7.455968688845400205e-01
7.495107632093933603e-01
7.534246575342464780e-01
7.573385518590995957e-01
7.612524461839529355e-01
7.651663405088062753e-01
7.690802348336593930e-01
7.729941291585125107e-01
7.769080234833658505e-01
7.808219178082191902e-01
7.847358121330723080e-01
7.886497064579254257e-01
7.925636007827787655e-01
7.964774951076321052e-01
8.003913894324852230e-01
8.043052837573383407e-01
8.082191780821916804e-01
8.121330724070450202e-01
8.160469667318981379e-01
8.199608610567512557e-01
8.238747553816045954e-01
8.277886497064579352e-01
8.317025440313110529e-01
8.356164383561641706e-01
8.395303326810175104e-01
8.434442270058708502e-01
8.473581213307239679e-01
8.512720156555770856e-01
8.551859099804304254e-01
8.590998043052837652e-01
8.630136986301368829e-01
8.669275929549900006e-01
8.708414872798433404e-01
8.747553816046966801e-01
8.786692759295497979e-01
8.825831702544029156e-01
8.864970645792562554e-01
8.904109589041095951e-01
8.943248532289627128e-01
8.982387475538158306e-01
9.021526418786691703e-01
9.060665362035225101e-01
9.099804305283756278e-01
9.138943248532287456e-01
9.178082191780820853e-01
9.217221135029354251e-01
9.256360078277885428e-01
9.295499021526416605e-01
9.334637964774950003e-01
9.373776908023483401e-01
9.412915851272014578e-01
9.452054794520545755e-01
9.491193737769079153e-01
9.530332681017612551e-01
9.569471624266143728e-01
9.608610567514674905e-01
9.647749510763208303e-01
9.686888454011741700e-01
9.726027397260272878e-01
9.765166340508804055e-01
9.804305283757337452e-01
9.843444227005870850e-01
9.882583170254402027e-01
9.921722113502933205e-01
9.960861056751466602e-01
1.000000000000000000e+00
